<?xml version="1.0"?>
<opencv_storage>
<images>
image_000000.png
image_000001.png
image_000002.png
image_000003.png
image_000004.png
image_000005.png
image_000006.png
image_000007.png
image_000008.png
image_000009.png
image_000010.png
</images>
</opencv_storage>
